128 111111 1141141111 mmmm 4447.

1141 4414 (liu 114414 und 11111 1414 1111141441
1114114 4441111 1141 11411441141141 4141;
444 1114114114 4441 3444414444 von 1141,

4444 114141 1141 3411444 und 11111 1444141411 dl 1141.

441141441111411141 141 ioh 1141114114 14 114114.

4114 441 iehan 11411141 44 441341 44411 4414,

und hringo (141 11441441, waen 4441, durch ir liobe 14 314414.
444 5441141 444 1444341 4411444441 minue

1111141 414 111414 zallen 11441 41434

4144114 41 4141141 1111141144 41441114,

41441114414 mit vll 1141434144434,

„wan 314 mir 441 111114 1141144114 14 14144

dl 4141444 sl 111141 44 141144 4441414.

4 4411 111441 4111411434, 4441 11411434114411 4114141414.Ι

Er 4411144 sich swer 1144 14414 3141414144,

ich 1141144 34441141 11413411141141 444,

4114 44441 144114141414 444114 411141 11111144;

11414441 1114441 4114 41 14441411141141 411144.

1141441414ὴεί, waz 11444 4411441144

dl 441144 4411 14 1114111141 noch wlbe noch 114114

und waere 1111 4441414144 41441141 14 44144 14 414114.

Wol 1141141 dannez 144114
344 bin 4441 44 1144 144

44 44 3444144414

diu 31444 bl 1141114.

fflmmfflmstQme

4-140. 114110. 44. 44 444 40. 4141411410. 411114
14144140. 14114 0. 44.4443411411141141144440. 44. uls
1441 11414 (114114 0) 40. ,

44 ε4140. sn 44 gar 1111144444 4. 41414Ιὶ41144 4, 1141144144414110.
444141141441140. zallen 14441 41144444 4. 4441411440. nuel
4111444444. 441141114143410, 4111444444. 4411141440. 14441
11144444 4.

41ε4 40. 44411 4114441114 40. 44. 4441 4.·1444 4440. 11144-
34140. 441410. 44410. mag 40. 44. 1141411140.
44444 4, 4440. 44. 411144 0, 4413444 ll. 11411 1141141 ll. 1141141 wilm 0.
4111414411410. 414444 B. 4144114 0.

44-440. 4444114. 441141444414,114114144440. 441144 l
1144 40. 44. 414444 0. 3444144414 4.

 

